  k           Time     T(GK)   Density     dE/dt  Timestep       he4      c12      o16     ne20     mg24     si28      s32     ar36     ca40     ti44     cr48     fe52     ni56     zn60 It 
   0 0.00000000E+00 1.700E+00 3.162E+09  0.00E+00  0.00E+00 0.00E+00 5.00E-01 5.00E-01 0.00E+00 0.00E+00 0.00E+00 0.00E+00 0.00E+00 0.00E+00 0.00E+00 0.00E+00 0.00E+00 0.00E+00 0.00E+00 0 0
   1 1.94056749E-08 1.700E+00 3.162E+09  1.22E+20  1.94E-08 1.22E-06 5.00E-01 5.00E-01 1.06E-05 1.46E-09 1.51E-14 7.63E-21 2.06E-28 1.42E-37 9.00E-49 0.00E+00 0.00E+00 0.00E+00 0.00E+00 3 2
   2 2.32868099E-08 1.700E+00 3.162E+09  1.27E+20  3.88E-09 1.44E-06 5.00E-01 5.00E-01 1.28E-05 1.77E-09 1.88E-14 9.90E-21 2.76E-28 2.08E-37 1.38E-47 1.82E-60 1.12E-74 8.42E-90 0.00E+00 1 1
   3 4.11213845E-08 1.700E+00 3.162E+09  1.44E+20  1.78E-08 2.22E-06 5.00E-01 5.00E-01 2.42E-05 3.45E-09 5.62E-14 5.79E-20 3.13E-27 5.38E-36 2.30E-45 2.02E-57 8.02E-71 3.71E-85 0.00E+00 1 2
   4 7.46059220E-08 1.700E+00 3.162E+09  1.59E+20  3.35E-08 3.24E-06 5.00E-01 5.00E-01 4.78E-05 7.68E-09 2.15E-13 4.43E-19 4.87E-26 1.74E-34 1.60E-43 3.08E-55 2.76E-68 3.01E-82 4.51E-95 1 1
   5 1.08090459E-07 1.700E+00 3.162E+09  1.73E+20  3.35E-08 3.86E-06 5.00E-01 5.00E-01 7.34E-05 1.36E-08 5.40E-13 1.58E-18 2.33E-25 1.08E-33 1.24E-42 2.88E-54 3.05E-67 3.87E-81 6.66E-94 1 1
   6 2.10113537E-07 1.700E+00 3.162E+09  1.85E+20  1.02E-07 4.68E-06 5.00E-01 5.00E-01 1.57E-04 4.58E-08 4.01E-12 2.93E-17 1.16E-23 1.44E-31 4.49E-40 2.81E-51 7.96E-64 2.69E-77 1.23E-89 1 2
   7 3.12136614E-07 1.700E+00 3.162E+09  1.94E+20  1.02E-07 4.70E-06 5.00E-01 5.00E-01 2.44E-04 9.76E-08 1.22E-11 1.23E-16 6.40E-23 1.03E-30 4.07E-39 3.18E-50 1.11E-62 4.57E-76 2.49E-88 1 2
   8 4.14159692E-07 1.700E+00 3.162E+09  1.95E+20  1.02E-07 4.59E-06 5.00E-01 5.00E-01 3.32E-04 1.68E-07 2.67E-11 3.34E-16 2.12E-22 4.12E-30 1.94E-38 1.81E-49 7.54E-62 3.68E-75 2.38E-87 1 2
   9 5.87382828E-07 1.700E+00 3.162E+09  1.94E+20  1.73E-07 4.52E-06 5.00E-01 5.00E-01 4.80E-04 3.55E-07 8.92E-11 1.84E-15 2.01E-21 7.06E-29 6.29E-37 1.16E-47 9.86E-60 1.02E-72 1.44E-84 1 2
  10 7.60605965E-07 1.700E+00 3.162E+09  1.94E+20  1.73E-07 4.50E-06 5.00E-01 5.00E-01 6.28E-04 5.95E-07 1.93E-10 5.09E-15 6.96E-21 2.99E-28 3.19E-36 6.89E-47 6.78E-59 7.98E-72 1.27E-83 1 1
  11 1.15915386E-06 1.700E+00 3.162E+09  1.94E+20  3.99E-07 4.49E-06 4.99E-01 5.00E-01 9.67E-04 1.43E-06 7.66E-10 3.46E-14 8.40E-20 6.61E-27 1.33E-34 5.57E-45 1.08E-56 2.56E-69 8.29E-81 1 1
  12 1.81368822E-06 1.700E+00 3.162E+09  1.94E+20  6.55E-07 4.47E-06 4.99E-01 4.99E-01 1.52E-03 3.55E-06 3.10E-09 2.30E-13 9.28E-19 1.21E-25 4.07E-33 2.82E-43 9.08E-55 3.56E-67 1.91E-78 1 2
  13 3.04709640E-06 1.700E+00 3.162E+09  1.94E+20  1.23E-06 4.45E-06 4.98E-01 4.99E-01 2.56E-03 9.30E-06 1.22E-08 1.32E-12 7.48E-18 1.35E-24 6.11E-32 5.65E-42 2.39E-53 1.22E-65 8.43E-77 1 2
  14 4.28050458E-06 1.700E+00 3.162E+09  1.94E+20  1.23E-06 4.42E-06 4.98E-01 4.99E-01 3.60E-03 1.74E-05 2.94E-08 3.98E-12 2.78E-17 6.02E-24 3.22E-31 3.47E-41 1.68E-52 9.74E-65 7.57E-76 1 1
  15 6.23301035E-06 1.700E+00 3.162E+09  1.94E+20  1.95E-06 4.38E-06 4.97E-01 4.98E-01 5.22E-03 3.52E-05 8.23E-08 1.53E-11 1.45E-16 4.30E-23 3.14E-30 4.62E-40 3.09E-51 2.47E-63 2.67E-74 1 1
  16 9.71214209E-06 1.700E+00 3.162E+09  1.93E+20  3.48E-06 4.31E-06 4.95E-01 4.97E-01 8.08E-03 8.20E-05 2.91E-07 8.29E-11 1.23E-15 5.77E-22 6.80E-29 1.64E-38 1.82E-49 2.45E-61 4.51E-72 1 1
  17 1.00000000E-05 1.700E+00 3.162E+09  1.93E+20  2.88E-07 4.30E-06 4.95E-01 4.97E-01 8.31E-03 8.67E-05 3.14E-07 9.10E-11 1.37E-15 6.45E-22 7.65E-29 1.85E-38 2.06E-49 2.78E-61 5.10E-72 1 1
